944443
 293674
    572153
	  600579
	    499569
		  984875
		    763178
			  295754
			     44696
				   207807
				     138910
					   903531
					     140925
						   699418
						     759984
							   199694
							     774549
								   635871
								     161828
									   805380
									     134374
										   393272
										     705679
											   727220
											     608593
												   357076
												     281423
													   415251
													     838388
														   941553
														   17672230
														     325693
															   376009
															     668915
																   860293
																     731361
																	   228257
																	     103321
																		   265603
																		     854484
																			   453785
																			     981929
																				   785662
																				     873669
																					   841586
																					     271429
																						   485929
																						   51849195
																						       6110
																							     828144
																								   873105
																								     830261
																									   303603
																									     532528
																										   395929
																										     426105
																											   862017
																											     497734
																												   659834
																												     443437
																													   880214
																													      23422
																														    230666
																															  597961
																															  40363603
																															    695242
																																  168259
																																    291309
																																	  711597
																																	    122597
																																		  455659
																																		    887400
																																			  208174
																																			    336606
																																				  121972																				    639749
